$ANSIBLE_VAULT;1.1;AES256
36306635313662316330383235616637303833326636303730313232396161336337313832366233
6232623433366365346239336531363430616432353265660a333064373834653466383565373264
36646363306162363363663661633666626638323633663432326366353532663433613435306539
3765376633643536340a366535643463373463373964356634373537323131666630626337656231
66633634336666373131326361363236313537323066623663633266653763633966353566623837
64386237663832323265663639643964393130373032373263353235396232663736343536303838
33363566383637636366626639333236386262326664396430646532653266336238616462383162
65613363363361646231636164373636656562663862303130663063396138363466623630636131
38646234666466653537343331383562663135373266646463636534356265623961366662646633
31386239326137653239313963633830336533373936313761303564613038643538323531326165
34386165376164333339383065356563323233393337313263343534303262363732336564343033
35353838303938626137633638626437383130333639306538623735353735303430386534626139
66663966313164373736643234303539663865646464616465363663303635363631333431336266
62663466646338356531653962656561646636623431636363396538353434316465353734393331
61336365623238323037393034303438353036376431373436393430306132376630356233316438
64306163613236366333653332663233646363393731636663393766363066636532636262666435
33353836383437653963363430363863363139656636313965623836326336613830613538363264
66646364373937616264663133353864373939353330363032613938613633626331323765323738
62633432666132343237396264626531323439393930643835636131386663366333666334386437
61333939383838353664346532376561663334326532326530343262636333343061663666656563
62646436343733643135356138666131343635363030396336613430373630303734623434613263
30306263376162373831303833316233383864376539636432626233336431313861623462633563
38633863393163336461316137393064303336303862383030336238333537613238393065636235
32396339323531393135383364363966643438363866613636356638396239643333656633623764
39613966653534383662356130636236646633623765623633613564653231373463643733363165
64386234343134653161333837623037613232653131663462636530623037326537376139363933
63343335663436336639643763663065663230663463356134313833666264613634663864363037
61346266393132356262373763623134326162646236356635353062343236313030363365643666
62376133616639363636316436306635333838373762326635323239633862623035613233616439
31303235633561623531363533306262346465636435376431373662313162326239393361653434
62393233336233366130363930376365366565356565363431643165396138623634656562636163
36343233306462353361323235323033663061613937393262643437303936663039326333623161
61643632646431306131656231366132373735623631363939666532336532366330303863373736
65643565353937383065343335323363313932393961363533663335346436623634376665346334
30323965623734303865656161623334363635623436316138383835616539313537346433326637
31343139323936333965386537336565303630346134646464323337386266623830613063373230
35326332336135316364383732373035316664333161363463653965376562633966363135303136
39313664376536373638653161396561346432343765316166636166363863356432653964333137
38336135366166353836333563323964373061623336363861333663663862363937393331633163
31326530356239646631333261663339666162386631366466323965343638623730373337356661
33653637326535333365366239323461623762313039393164396562373464626561656433666361
65313231633066323230616231306466333732366562643066666638623031363864303331343437
65643462303035613661336337366562613761393438653161336332343234643463353361316564
63666561346564623764363132363432333862393032616566663361356662643566626262336161
33343539353532383330316463646530636665623532366166613434333763373764363966663362
34363834326166313536616233376333653664376462343632393465663436653332393138626530
32373166666139633333653061353137636635326262656633633631303732613339643265333563
62633937323861353061323137386638396231383964363739383530336130316433383939373465
62303866363630373636663734623936626434383862666461626339643838346538363130323562
36643731316336373631316637393436363931653266376136613334316237333136626364316465
34343765653562643564623139333537343966376264653366333538336435353233313431616235
36346434313733393837363236633662323066336538336637373031626437336335323732633366
32303430653336356266623364616337376433313064383665633833346231626165336566623566
33663331316236326239623833633262643864333665393464633337363666316465616233623239
63363233666663663838316438343539303635373763383439633632616435393161613766396234
34366164663837396161623138666562653031323866303036313238333035663261373437363035
35366332363261613634646231653861383563636365326366373534326136376338386238663637
34396161336563316664306262373434353035343563366663353663623630616639313163663631
61333236663735313838643264323461363438323539316565386466313464363961353562626530
63343132383430663466346234613832313261343235646362663539636164623834353730356462
34656263303937643337303136346164356235353033313866666636373664356132363238323434
37623161623238636263663566616431313930623133633732366565303861356230623435643634
30633761636433643262313233663266363038323465333937336233323062663338386431333339
38656164363464343434366635393136363839653335333730323066336430373632643432373338
37306561306339333637366138363363323564313335333465383935383933313166343665636561
34326438643139626338306665623837393138346631383538376638663035343766333139376261
32653361326637616537313363646139333063653237323231313062623231653165623662626564
62643231373237363065633761646435363238356535316237356630643231373738633061656636
31373262363138613534316465656635366562623165663433313564656130333732343139363864
36373439323861373466626265366435613131633762653864346637313635303337663633656338
32323661393437366261396261353736653863653331376639666161346330356565363565396636
61346539376363323065636662663230623238313938653636623964383431366363386635376666
30373638316434373236653234336264393734306332393135386334616434643830373062656138
64656666666538336330313962323165303439616331666562363265323565303062396266613766
63633835353261646266363436656131386563346436663935663233613966666537323833613866
32663965363833663735656636323036653465376432306462616439363866616465636237353330
38303133633232373231373133313361333766336139643666616232346462613736383765363362
33653363623162366661613633663938633063613862666236343736633461376133613363373965
31316563356562306265613164643437373363613766646639643230616465333561633434363265
31323635616433376164306238316665363965663830363638633061353464396635356136633662
64316235646466393134663832653239626438356630323664363261326132343335393461303636
35663166613635623333396631386331623831666236636363613536353965333338363039313730
63626431343264613430653231636339653033363761313039643036616433343564336632346539
38636335616138626235363064373264616235333832356666326363323739353961306532666163
34316338343666633137306266656162643337343033323466333163346630343565613164353937
36303162353831333239376331336238663864313738383134643732356663646537653463313932
66663931373835616161333763656538663335333135343561363865663565613137643862653662
61336165616634303764333561373933626132616632306336663435623431643531303862336633
62346637323038336637646662643361346431663163663465386164393936316565626661383236
64393661633135373838363966373966636338316564623966343135386233373538346437343864
38643164316137306638356662363262306663653433326366366562336366373736666538643539
36326537353730383339353536316437656265613865303165356537383864613966616339336538
66336164333231353537363239613163623662346536646639396539366331613431313362363236
61633632336635393135653135616465346666666439666636636661326230633830383939383961
63353631636464326335646439616464346634393365616364666530663265396532623438636364
64373165323064386432636635643263613065343833656237343865626433353134386166616334
35613939383066366533356265383431373236623862326230383936326133326636623538396363
64323364353363666635343637653936383738616331313636633532333662313065613032343666
33303734613032663030303530623935306235303566393062383862633064656566623065376432
66353663393932303732313364363662343264636364616239396363333233363463346436643939
35303861643463353932376430356330383235326563623536366261373062653631666239643734
37643638656530306231373865353532396234303138303030633534386133383136623064363733
31363165643030343064373662663731363665316236623434363463386637396663323762323030
39366661666337376634666136626237633436316634626338616266386439353731303331613961
62386235306233353931633339323132396631396365373633613462356632653461636563323366
61613162323437393166373730623534656561343032373938633835643362373436373661383862
37393039633636366466326365336333633061643635323266633335376364643437333631393639
63653630303233633537343366663163376336623866336662646235323833343532623863323235
62643661383531313965326439353538613634386531386535386232343339393061636238373534
61613931333335303066653933626566663465656435383634383638393232633332353430616236
66653032393739353661633466343335363364326430623036393832373363636362346463343135
38643838333731366336643466633831636264613966396539366662393837623365383233363162
63326366386431633065613535353565366135636266386532343933643166303238653632396638
33396535653332366161653134386539393532393139356332646538386135363536306139386336
65333732623665653765653261643564353239383130333664656237383339613762373836326466
65616161646364643830363231363833343138396332326235643965356461393338663263383465
39393264333536643137313663333935363362396330306339353136303664376533323233366239
38663838313035303137313566613739346637383361373233613962363238343564616564326431
30366462636365643563313639393039653439323665303030623534626637306161386635646262
64353563623039366136343230396234393433353662343632343635363932633936336139333836
32646139626235626638303433633564396130346137326365326438643932653866306465656161
30653161633831353036656464386236343131656339643235653162656231356436643330343466
35326666626537653338386165353733383233626436613431383737303430366230393061313531
61306531623932646665626236663731343362666538396634356166343439336666303535623430
32616563303934386335306566353639356134333236636537616631396561633031646164333632
39383663343935316164623466663334356363633139616337386263666435386334396435666664
63313530383939663637363562336561633737323538333239633736626464646664613964366538
65343536303234346436363435343839373831383730626665303861326136613136663537646537
33623761333561663464633431343639653231613835316238316166636134633565306563346337
39336638323435666566666531653336643366333361666635393031666431383931636433353532
35336663643930393264356564373862653064333034653762363964353833373237333533303837
63323034303364363336363131633061346338316162653031396433646632313233346534626535
39343438393562326364313835623861323062313765363531326133396530643663396234333934
34323738353134656564363830653538376264356435656266646237303135316462663863646361
32353165393635326431633461363339363335353465366563346431333837366337626163343461
35653764623332643131663561313365313834353532386133643665663631633233613630386635
35346363353262626365306534646662373437313536623635343338333430343364
